# NSW sea garfish stock summary

# Catch (in kg)
2004/05 54889
2005/06 46039
2006/07 38549
2007/08 33963
2008/09 32627
2009/10 100601
2010/11 48661
2011/12 38064
2012/13 37823
2013/14 41155
2014/15 45249
2015/16 34098
2016/17 32841
2017/18 25270
2018/19 32646

# Effort (in days)
2004/05 901
2005/06 882
2006/07 763
2007/08 601
2008/09 533
2009/10 312
2010/11 237
2011/12 226
2012/13 214
2013/14 205
2014/15 203
2015/16 162
2016/17 146
2017/18 146
2018/19 164

# Sample of number at age
2004/05 60 150 7 0 0 0
2005/06 52 194 9 2 0 0
2006/07 102 184 13 0 0 0
2007/08 87 277 86 11 1 1
2008/09 103 248 28 2 0 0
2009/10 49 214 89 3 1 0
2010/11 13 155 95 2 0 0
2011/12 12 122 64 4 0 0
2012/13 3 104 139 16 0 0
2013/14 29 186 149 12 0 0
2014/15 8 151 78 1 2 0
2015/16 9 131 116 18 4 1
2016/17 8 76 195 48 6 0
2017/18 42 293 146 5 3 0
2018/19 75 472 180 23 3 0

# Weight at age (in kg)
2004/05 0.048 0.066 0.097 0.129 0.16 0.163
2005/06 0.048 0.066 0.097 0.129 0.16 0.163
2006/07 0.055 0.073 0.086 0.129 0.16 0.163
2007/08 0.051 0.078 0.1 0.135 0.16 0.163
2008/09 0.053 0.065 0.089 0.139 0.16 0.163
2009/10 0.047 0.069 0.089 0.133 0.16 0.163
2010/11 0.043 0.069 0.11 0.129 0.16 0.163
2011/12 0.042 0.065 0.103 0.133 0.16 0.163
2012/13 0.04 0.061 0.086 0.106 0.16 0.163
2013/14 0.04 0.061 0.086 0.106 0.16 0.163
2014/15 0.04 0.061 0.086 0.106 0.16 0.163
2015/16 0.04 0.061 0.086 0.106 0.16 0.163
2016/17 0.04 0.061 0.086 0.106 0.16 0.163
2017/18 0.04 0.061 0.086 0.106 0.16 0.163
2018/19 0.04 0.061 0.086 0.106 0.16 0.163

# Estimated number of fish in the catch
2004/05 244198 610494 28490 0 0 0
2005/06 145309 542115 25150 5589 0 0
2006/07 195407 352498 24905 0 0 0
2007/08 81097 258206 80165 10254 932 932
2008/09 138101 332515 37542 2682 0 0
2009/10 192789 841975 350167 11803 3934 0
2010/11 28923 344847 211358 4450 0 0
2011/12 29305 297931 156292 9768 0 0
2012/13 5632 195249 260958 30038 0 0
2013/14 44837 287574 230368 18553 0 0
2014/15 21706 409703 211635 2713 5427 0
2015/16 14572 212104 187817 29144 6476 1619
2016/17 9444 89721 230206 56666 7083 0
2017/18 32030 223445 111341 3813 2288 0
2018/19 48779 306980 117069 14959 1951 0

# Estimated number of fish in the population
2004/05 1681043 397053 18529 0 0 0
2005/06 1021850 360177 16709 3713 0 0
2006/07 1588463 270723 19127 0 0 0
2007/08 836938 251758 78163 9998 909 909
2008/09 1607056 365574 41275 2948 0 0
2009/10 3832560 1581382 657678 22169 7390 0
2010/11 2101276 852650 522592 11002 0 0
2011/12 2232659 772503 405247 25328 0 0
2012/13 453165 534647 714577 82253 0 0
2013/14 3765941 822030 658508 53034 0 0
2014/15 1841108 1182674 610918 7832 15665 0
2015/16 1548811 767231 679380 105421 23427 5857
2016/17 1113813 360110 923966 227438 28430 0
2017/18 3777401 896831 446885 15304 9183 0
2018/19 5121284 1096879 418301 53450 6972 0

# Estimated biomass of fish at age in the population in tonnes
2004/05 80 26 2 0 0 0
2005/06 49 24 2 0 0 0
2006/07 88 20 2 0 0 0
2007/08 42 20 8 1 0 0
2008/09 86 24 4 0 0 0
2009/10 180 109 58 3 1 0
2010/11 90 58 57 1 0 0
2011/12 94 50 42 3 0 0
2012/13 18 33 62 9 0 0
2013/14 150 50 57 6 0 0
2014/15 73 72 53 1 3 0
2015/16 62 47 59 11 4 1
2016/17 44 22 80 24 5 0
2017/18 151 55 39 2 1 0
2018/19 204 67 36 6 1 0

# Estimated recruitment (in millions of fish)
2004/05 1.943
2005/06 1.443
2006/07 1.353
2007/08 2.279
2008/09 4.408
2009/10 3.153
2010/11 3.004
2011/12 2.355
2012/13 2.845
2013/14 3.852
2014/15 2.926
2015/16 1.568
2016/17 2.616
2017/18 3.288
2018/19 6.937

